50
(48, 11)
L (30, 31) 0
L (6, 38) 0
L (6, 36) 0
L (9, 13) 0
L (12, 48) 0
L (49, 47) 0
L (8, 25) 0
L (31, 41) 0
L (11, 17) 0
L (1, 21) 0
L (29, 43) 0
L (30, 41) 0
L (17, 46) 0
L (17, 19) 0
L (49, 14) 0
L (42, 7) 0
L (5, 21) 0
L (49, 36) 0
L (1, 44) 0
L (16, 45) 0
L (40, 8) 0
L (45, 13) 0
L (14, 24) 0
L (17, 41) 0
L (41, 47) 0
L (44, 19) 0
L (27, 30) 0
L (43, 48) 0
L (48, 33) 0
L (41, 46) 0
L (29, 10) 0
L (45, 32) 0
L (36, 46) 0
L (22, 30) 0
L (18, 38) 0
L (13, 17) 0
L (4, 19) 0
L (0, 43) 0
L (49, 20) 0
L (23, 48) 0
L (35, 34) 0
L (43, 39) 0
L (5, 19) 0
L (7, 25) 0
L (24, 30) 0
L (48, 38) 0
L (24, 2) 0
L (47, 33) 0
L (44, 1) 0
L (22, 44) 0
L (24, 3) 0
L (34, 37) 0
L (32, 35) 0
L (48, 31) 0
L (44, 15) 0
L (44, 37) 0
L (35, 26) 0
L (47, 18) 0
L (37, 9) 0
L (30, 26) 0
L (15, 31) 0
L (34, 4) 0
L (17, 9) 0
L (23, 27) 0
L (8, 46) 0
L (14, 7) 0
L (20, 11) 0
L (44, 32) 0
L (10, 49) 0
L (42, 16) 0
L (32, 0) 0
L (11, 12) 0
L (16, 11) 0
L (48, 26) 0
L (26, 22) 0
L (41, 12) 0
L (17, 48) 0
L (28, 49) 0
L (47, 4) 0
L (8, 4) 0
L (33, 44) 0
L (12, 11) 0
L (39, 5) 0
L (37, 11) 0
L (8, 3) 0
L (23, 3) 0
L (9, 35) 0
L (26, 20) 0
L (7, 1) 0
L (48, 13) 0
L (43, 23) 0
L (13, 14) 0
L (12, 17) 0
L (21, 3) 0
L (17, 12) 0
L (41, 40) 0
L (0, 34) 0
L (4, 15) 0
L (45, 44) 0
L (1, 38) 0
L (18, 40) 0
L (33, 11) 0
L (5, 23) 0
L (19, 37) 0
L (36, 5) 0
L (18, 21) 0
L (24, 38) 0
L (5, 12) 0
L (44, 9) 0
L (22, 21) 0
L (26, 30) 0
L (34, 45) 0
L (4, 13) 0
L (10, 22) 0
L (47, 6) 0
L (17, 14) 0
L (36, 19) 0
L (18, 49) 0
L (21, 13) 0
L (4, 34) 0
L (4, 42) 0
L (24, 4) 0
L (11, 31) 0
L (31, 31) 0
L (32, 3) 0
L (27, 0) 0
L (36, 41) 0
L (46, 23) 0
L (19, 10) 0
L (29, 31) 0
L (19, 0) 0
L (19, 24) 0
L (23, 15) 0
L (9, 17) 0
L (23, 43) 0
L (47, 2) 0
L (21, 47) 0
L (14, 14) 0
L (35, 41) 0
L (38, 46) 0
L (3, 49) 0
L (27, 37) 0
L (12, 18) 0
L (44, 42) 0
L (7, 39) 0
L (44, 11) 0
L (38, 23) 0
L (35, 43) 0
L (38, 41) 0
L (15, 42) 0
L (3, 27) 0
L (2, 15) 0
L (30, 45) 0
L (5, 39) 0
L (29, 7) 0
L (39, 9) 0
L (32, 33) 0
L (40, 46) 0
L (38, 42) 0
L (25, 32) 0
L (12, 38) 0
L (23, 19) 0
L (39, 11) 0
L (38, 19) 0
L (9, 28) 0
L (4, 2) 0
L (49, 28) 0
L (6, 10) 0
L (39, 3) 0
L (35, 10) 0
L (7, 0) 0
L (26, 7) 0
L (7, 46) 0
L (30, 40) 0
L (7, 5) 0
L (45, 21) 0
L (39, 48) 0
L (47, 3) 0
L (13, 34) 0
L (14, 22) 0
L (41, 44) 0
L (32, 31) 0
L (0, 18) 0
L (22, 45) 0
L (5, 37) 0
L (37, 34) 0
L (23, 46) 0
L (31, 27) 0
L (9, 12) 0
L (8, 19) 0
L (48, 16) 0
L (25, 36) 0
L (38, 3) 0
L (16, 15) 0
L (35, 31) 0
L (29, 30) 0
L (27, 5) 0
L (45, 6) 0
L (42, 8) 0
L (45, 36) 0
L (0, 7) 0
L (20, 36) 0
L (14, 26) 0
L (10, 38) 0
L (26, 40) 0
L (35, 12) 0
L (3, 17) 0
L (22, 15) 0
L (12, 44) 0
L (49, 24) 0
L (3, 36) 0
L (34, 7) 0
L (8, 17) 0
L (1, 37) 0
L (44, 41) 0
L (6, 13) 0
L (38, 14) 0
L (16, 12) 0
L (22, 46) 0
L (8, 8) 0
L (38, 33) 0
L (28, 4) 0
L (24, 16) 0
L (41, 16) 0
L (23, 47) 0
L (44, 21) 0
L (9, 3) 0
L (36, 21) 0
L (43, 3) 0
L (12, 1) 0
L (2, 46) 0
L (37, 0) 0
L (28, 0) 0
L (11, 21) 0
L (2, 0) 0
L (20, 13) 0
L (4, 21) 0
L (42, 34) 0
L (5, 10) 0
L (3, 21) 0
L (22, 37) 0
L (40, 45) 0
L (28, 10) 0
L (36, 35) 0
L (23, 5) 0
L (11, 16) 0
L (26, 16) 0
L (22, 5) 0
L (39, 35) 0
L (32, 15) 0
L (48, 39) 0
L (27, 20) 0
L (36, 34) 0
L (39, 44) 0
L (36, 38) 0
L (22, 22) 0
L (23, 37) 0
L (43, 38) 0
L (10, 46) 0
L (13, 18) 0
L (32, 32) 0
L (20, 35) 0
L (6, 23) 0
L (12, 40) 0
L (48, 18) 0
L (25, 9) 0
L (0, 16) 0
L (40, 49) 0
L (1, 32) 0
L (26, 11) 0
L (19, 29) 0
L (31, 28) 0
L (31, 19) 0
L (15, 30) 0
L (43, 19) 0
L (27, 49) 0
L (22, 29) 0
L (1, 0) 0
L (24, 33) 0
L (10, 40) 0
L (31, 43) 0
L (46, 31) 0
L (7, 43) 0
L (6, 45) 0
L (19, 41) 0
L (49, 19) 0
L (0, 36) 0
L (38, 9) 0
L (25, 12) 0
L (6, 29) 0
L (20, 33) 0
L (32, 9) 0
L (45, 8) 0
L (2, 35) 0
L (27, 41) 0
L (42, 49) 0
L (44, 10) 0
L (28, 37) 0
L (6, 4) 0
L (29, 49) 0
L (48, 12) 1
L (49, 1) 1
L (46, 0) 1
L (45, 22) 1
L (48, 21) 1
L (49, 25) 1
L (46, 24) 1
L (47, 30) 1
L (36, 31) 1
L (35, 22) 1
L (42, 23) 1
L (43, 18) 1
L (14, 17) 1
L (15, 21) 1
L (12, 20) 1
L (11, 37) 1
L (17, 36) 1
L (16, 39) 1
L (21, 40) 1
L (20, 34) 1
L (31, 33) 1
L (30, 39) 1
L (42, 38) 1