50
(12, 23)
L (12, 40) 0
L (4, 49) 0
L (22, 7) 0
L (12, 43) 0
L (2, 40) 0
L (35, 11) 0
L (31, 8) 0
L (36, 37) 0
L (19, 46) 0
L (22, 16) 0
L (9, 34) 0
L (38, 26) 0
L (15, 49) 0
L (6, 15) 0
L (46, 32) 0
L (45, 30) 0
L (14, 6) 0
L (36, 40) 0
L (5, 25) 0
L (43, 9) 0
L (48, 4) 0
L (9, 48) 0
L (46, 8) 0
L (26, 20) 0
L (42, 33) 0
L (13, 25) 0
L (36, 4) 0
L (20, 37) 0
L (7, 36) 0
L (19, 47) 0
L (4, 2) 0
L (8, 11) 0
L (36, 5) 0
L (41, 48) 0
L (24, 11) 0
L (1, 12) 0
L (10, 11) 0
L (12, 37) 0
L (37, 24) 0
L (28, 48) 0
L (30, 15) 0
L (30, 27) 0
L (40, 9) 0
L (39, 19) 0
L (5, 0) 0
L (49, 3) 0
L (0, 33) 0
L (43, 44) 0
L (0, 3) 0
L (48, 6) 0
L (35, 28) 0
L (35, 42) 0
L (26, 14) 0
L (0, 9) 0
L (1, 43) 0
L (33, 48) 0
L (11, 41) 0
L (15, 9) 0
L (25, 17) 0
L (37, 11) 0
L (23, 8) 0
L (25, 26) 0
L (32, 34) 0
L (0, 45) 0
L (43, 49) 0
L (27, 8) 0
L (39, 0) 0
L (42, 44) 0
L (39, 41) 0
L (9, 39) 0
L (47, 20) 0
L (10, 26) 0
L (48, 43) 0
L (48, 41) 0
L (37, 30) 0
L (19, 11) 0
L (34, 40) 0
L (12, 26) 0
L (7, 45) 0
L (18, 21) 0
L (8, 12) 0
L (36, 2) 0
L (37, 9) 0
L (25, 32) 0
L (25, 24) 0
L (24, 20) 0
L (29, 41) 0
L (7, 46) 0
L (32, 12) 0
L (49, 14) 0
L (19, 22) 0
L (0, 21) 0
L (33, 46) 0
L (34, 1) 0
L (2, 2) 0
L (11, 10) 0
L (36, 32) 0
L (4, 13) 0
L (38, 14) 0
L (23, 35) 0
L (23, 33) 0
L (17, 34) 0
L (31, 5) 0
L (21, 22) 0
L (34, 34) 0
L (16, 8) 0
L (6, 30) 0
L (1, 44) 0
L (38, 25) 0
L (26, 11) 0
L (7, 27) 0
L (47, 5) 0
L (41, 27) 0
L (7, 2) 0
L (34, 8) 0
L (33, 35) 0
L (5, 36) 0
L (14, 14) 0
L (4, 21) 0
L (33, 22) 0
L (35, 34) 0
L (18, 26) 0
L (41, 40) 0
L (38, 10) 0
L (36, 41) 0
L (0, 22) 0
L (38, 6) 0
L (47, 34) 0
L (2, 25) 0
L (21, 43) 0
L (18, 45) 0
L (11, 8) 0
L (9, 25) 0
L (32, 11) 0
L (49, 41) 0
L (20, 7) 0
L (9, 42) 0
L (29, 2) 0
L (36, 47) 0
L (3, 27) 0
L (33, 4) 0
L (9, 6) 0
L (42, 28) 0
L (8, 49) 0
L (16, 26) 0
L (11, 25) 0
L (21, 4) 0
L (37, 43) 0
L (8, 4) 0
L (20, 24) 0
L (21, 31) 0
L (13, 47) 0
L (48, 38) 0
L (30, 2) 0
L (31, 44) 0
L (19, 23) 0
L (12, 3) 0
L (38, 29) 0
L (12, 15) 0
L (43, 3) 0
L (20, 4) 0
L (21, 37) 0
L (4, 10) 0
L (44, 39) 0
L (29, 20) 0
L (22, 5) 0
L (23, 41) 0
L (46, 0) 0
L (37, 34) 0
L (33, 9) 0
L (36, 30) 0
L (23, 17) 0
L (10, 12) 0
L (18, 24) 0
L (40, 40) 0
L (27, 14) 0
L (39, 39) 0
L (47, 2) 0
L (14, 35) 0
L (2, 32) 0
L (44, 19) 0
L (45, 41) 0
L (12, 6) 0
L (41, 41) 0
L (49, 49) 0
L (24, 32) 0
L (24, 40) 0
L (15, 18) 0
L (42, 49) 0
L (23, 3) 0
L (0, 10) 0
L (7, 6) 0
L (10, 42) 0
L (13, 26) 0
L (21, 2) 0
L (18, 16) 0
L (29, 22) 0
L (0, 38) 0
L (32, 36) 0
L (7, 48) 0
L (17, 5) 0
L (29, 32) 0
L (29, 40) 0
L (34, 44) 0
L (27, 31) 0
L (39, 38) 0
L (40, 38) 0
L (41, 19) 0
L (49, 27) 0
L (31, 16) 0
L (2, 48) 0
L (11, 14) 0
L (1, 1) 0
L (22, 2) 0
L (27, 4) 0
L (38, 38) 0
L (36, 24) 0
L (0, 34) 0
L (29, 49) 0
L (7, 9) 0
L (33, 2) 0
L (28, 24) 0
L (41, 45) 0
L (10, 32) 0
L (23, 0) 0
L (4, 24) 0
L (30, 32) 0
L (44, 11) 0
L (45, 2) 0
L (23, 20) 0
L (37, 10) 0
L (26, 27) 0
L (12, 4) 0
L (18, 5) 0
L (19, 26) 0
L (3, 0) 0
L (13, 30) 0
L (7, 39) 0
L (29, 0) 0
L (43, 39) 0
L (15, 24) 0
L (1, 31) 0
L (11, 7) 0
L (30, 7) 0
L (43, 23) 0
L (19, 15) 0
L (32, 26) 0
L (47, 23) 0
L (32, 32) 0
L (26, 37) 0
L (6, 40) 0
L (4, 8) 0
L (20, 2) 0
L (4, 23) 0
L (2, 30) 0
L (13, 39) 0
L (16, 25) 0
L (27, 9) 0
L (13, 38) 0
L (28, 1) 0
L (10, 5) 0
L (23, 6) 0
L (48, 37) 0
L (22, 0) 0
L (15, 20) 0
L (34, 20) 0
L (33, 17) 0
L (47, 41) 0
L (43, 15) 0
L (27, 43) 0
L (24, 7) 0
L (49, 31) 0
L (46, 27) 0
L (35, 27) 0
L (11, 6) 0
L (3, 25) 0
L (12, 32) 0
L (3, 26) 0
L (19, 41) 0
L (38, 45) 0
L (21, 10) 0
L (6, 2) 0
L (49, 16) 0
L (18, 9) 0
L (37, 12) 0
L (24, 17) 0
L (13, 28) 0
L (47, 37) 0
L (33, 5) 0
L (42, 10) 0
L (19, 17) 0
L (4, 27) 0
L (3, 8) 0
L (42, 0) 0
L (9, 43) 0
L (37, 21) 0
L (4, 33) 0
L (6, 12) 0
L (11, 34) 0
L (45, 9) 0
L (5, 19) 4
L (8, 16) 1
L (9, 16) 2
L (10, 16) 3
L (12, 16) 1
L (14, 17) 1
B (6, 17) 0 0
B (6, 18) 1 0
B (6, 19) 2 0
B (6, 20) 3 0
B (6, 21) 4 0
B (6, 22) 5 0
L (5, 20) 5
L (5, 21) 2
L (5, 22) 2
S (8, 22) 5
S (9, 21) 5
S (10, 20) 5
S (8, 21) 4
S (9, 20) 4
S (10, 19) 4
S (8, 20) 3
S (9, 19) 3
S (8, 19) 2
S (9, 18) 2
S (8, 18) 1
S (8, 17) 0
L (7, 24) 1
L (13, 24) 6
L (14, 23) 5
L (5, 16) 3
L (5, 18) 3
L (5, 17) 2